Name	StdBarcode	AcademicBarcode
100000	100	10000
100001	101	10001
100002	102	10002
100003	103	10003
100004	104	10004
100005	105	10005
100006	106	10006
100007	-	10007
100008	108	10008
100009	109	10009
100010	110	10010
100011	111	10011
100012	112	10012
100013	-	10013
100014	114	10014
100015	115	10015
100016	-	10016
100017	-	10017
100018	-	10018
100019	-	10019
100020	-	10020
100021	-	10021
100022	-	10022
100023	-	10023
100024	-	10024
100025	125	10025
100026	126	10026
100027	127	10027
100028	-	10028
100029	129	10029
100030	130	10030
100031	131	10031
100032	132	10032
100033	133	10033
100034	-	10034
100035	135	10035
100036	136	10036
100037	137	10037
100038	138	10038
100039	139	10039
100040	140	10040
100041	141	10041
100042	-	10042
100043	143	10043
100044	144	10044
100045	145	10045
100046	146	10046
100047	147	10047
100048	148	10048
100049	-	10049
100050	-	10050
100051	-	10051
100052	-	10052
100053	-	10053
100054	154	10054
100055	155	10055
100056	156	10056
100057	-	10057
100058	158	10058
100059	159	10059
100060	160	10060
100061	161	10061
100062	-	10062
100063	163	10063
100064	164	10064
100065	165	10065
100066	166	10066
100067	167	10067
100068	168	10068
100069	169	10069
100070	-	10070
100071	171	10071
100072	172	10072
100073	173	10073
100074	174	10074
100075	-	10075
100076	-	10076
100077	-	10077
100078	-	10078
100079	-	10079
100080	-	10080
100081	181	10081
100082	182	10082
100083	183	10083
100084	184	10084
100085	-	10085
100086	186	10086
100087	187	10087
100088	188	10088
100089	189	10089
100090	190	10090
100091	191	10091
100092	-	10092
100093	-	10093
100094	-	10094
100095	-	10095
100096	-	10096
100097	-	10097
100098	198	10098
100099	199	10099
100100	200	10100
100101	201	10101
100102	202	10102
100103	-	10103
100104	204	10104
100105	205	10105
100106	206	10106
100107	-	10107
100108	-	10108
100109	-	10109
100110	-	10110
100111	211	10111
100112	212	10112
100113	213	10113
100114	214	10114
100115	-	10115
100116	216	10116
100117	217	10117
100118	218	10118
100119	219	10119
100120	220	10120
100121	-	10121
100122	-	10122
100123	-	10123
100124	-	10124
100125	-	10125
100126	-	10126
100127	227	10127
100128	228	10128
100129	229	10129
100130	-	10130
100131	231	10131
100132	232	10132
100133	233	10133
100134	234	10134
100135	235	10135
100136	-	10136
100137	-	10137
100138	-	10138
100139	-	10139
100140	-	10140
100141	-	10141
100142	-	10142
100143	243	10143
100144	244	10144
100145	-	10145
100146	246	10146
100147	247	10147
100148	248	10148
100149	249	10149
100150	250	10150
100151	251	10151
100075	-	10152
100076	-	10153
100077	-	10154
100078	-	10155
100079	-	10156
100080	257	10157
100081	258	10158
100082	259	10159
100083	260	10160
100084	261	10161
100085	-	10162
100086	263	10163
100087	264	10164
100088	265	10165
100089	266	10166
100090	267	10167
100091	268	10168
100092	269	10169
100093	-	10170
100094	-	10171
100095	-	10172
100096	-	10173
100097	-	10174
100098	275	10175
100099	276	10176
100100	277	10177
100178	278	10178
100179	-	10179
100180	280	10180
100181	281	10181
100182	282	10182
100183	283	10183
100184	284	10184
100185	285	10185
100186	-	10186
100187	-	10187
100188	-	10188
100189	-	10189
100190	-	10190
100191	291	10191
100192	292	10192
100193	293	10193
100194	294	10194
100195	295	10195
100196	296	10196
100197	297	10197
100198	-	10198
100199	299	10199
100200	300	10200
100201	301	10201
100202	-	10202
100203	-	10203
100204	-	10204
100205	-	10205
100206	-	10206
100207	-	10207
100208	308	10208
100209	309	10209
100210	310	10210
100211	311	10211
100212	-	10212
100213	313	10213
100214	314	10214
100215	315	10215
100216	316	10216
100217	317	10217
100218	318	10218
100219	-	10219
100220	-	10220
100221	-	10221
100222	-	10222
100223	323	10223
100224	324	10224
100225	325	10225
100226	326	10226
100227	327	10227
100228	328	10228
100229	-	10229
100230	330	10230
100231	331	10231
100232	332	10232
100233	333	10233
100234	334	10234
100235	-	10235
100236	-	10236
100237	-	10237
100238	-	10238
100239	-	10239
100240	340	10240
100241	341	10241
100242	342	10242
100243	343	10243
100244	344	10244
100245	345	10245
100246	346	10246
100247	-	10247
100248	348	10248
100249	349	10249
100250	350	10250
100251	351	10251
100252	-	10252
100253	-	10253
100254	-	10254
100255	-	10255
100256	-	10256
100257	357	10257
100258	358	10258
100175	359	10259
100176	360	10260
100177	361	10261
100178	362	10262
100179	363	10263
100180	-	10264
100181	365	10265
100182	366	10266
100183	367	10267
100184	368	10268
100185	369	10269
100186	370	10270
100187	371	10271
100188	372	10272
100189	373	10273
100190	374	10274
100191	-	10275
100192	-	10276
100193	-	10277
100194	-	10278
100195	-	10279
100196	-	10280
100197	381	10281
100198	382	10282
100199	383	10283
100200	-	10284
100201	385	10285
100202	386	10286
100203	387	10287
100204	388	10288
100205	389	10289
100206	390	10290
100207	391	10291
100208	-	10292
100209	393	10293
100210	394	10294
100211	395	10295
100212	396	10296
100213	397	10297
100214	398	10298
100215	399	10299
100216	400	10300
100217	-	10301
100218	402	10302
100219	403	10303
100220	404	10304
100221	405	10305
100222	406	10306
100190	-	10307
100191	-	10308
100192	-	10309
100193	-	10310
100194	-	10311
100195	-	10312
100196	-	10313
100197	-	10314
100198	-	10315
100199	-	10316
100200	-	10317
100201	407	10318
100202	408	10319
100203	409	10320
100204	410	10321
100205	411	10322
100206	412	10323
100207	413	10324
100208	414	10325
100209	415	10326
100210	416	10327
100211	-	10328
100212	418	10329
100213	419	10330
100214	420	10331
100215	421	10332
100216	422	10333
100217	423	10334
100218	424	10335
100219	425	10336
100220	426	10337
100221	427	10338
100222	428	10339
100223	429	10340
100224	430	10341
100225	431	10342
100226	432	10343
100227	-	10344
100228	434	10345
100229	435	10346
100230	436	10347
100231	437	10348
100232	438	10349
100233	439	10350
100234	440	10351
100235	441	10352
100236	-	10353
100237	443	10354
100238	444	10355
100239	445	10356
100240	446	10357
100241	447	10358
100242	448	10359
100243	449	10360
100244	450	10361
100245	-	10362
100246	452	10363
100247	453	10364
100248	454	10365
100249	455	10366
100250	456	10367
100251	457	10368
100252	458	10369
100253	459	10370
100254	460	10371
100255	461	10372
100256	462	10373
100257	463	10374
100258	464	10375
100259	-	10376
100260	-	10377
100261	-	10378
100262	-	10379
100263	-	10380
100264	465	10381
100265	466	10382
100266	467	10383
100267	468	10384
100268	469	10385
100269	470	10386
100270	471	10387
100271	472	10388
100272	-	10389
100273	474	10390
100274	475	10391
100275	476	10392
100276	477	10393
100277	478	10394
100278	479	10395
100279	480	10396
100280	481	10397
100281	482	10398
100282	483	10399
100283	484	10400
100284	485	10401
100285	486	10402
100286	-	10403
100287	-	10404
100288	-	10405
100289	-	10406
100290	487	10407
100291	488	10408
100292	489	10409
100293	490	10410
100294	491	10411
100295	492	10412
100296	493	10413
100297	494	10414
100298	495	10415
100299	496	10416
100300	497	10417
100301	498	10418
100302	-	10419
100303	500	10420
100304	501	10421
100305	502	10422
100306	503	10423
100307	504	10424
100308	-	10425
100309	506	10426
100310	507	10427
100311	508	10428
100312	509	10429
100313	510	10430
100314	511	10431
100315	512	10432
100316	513	10433
100317	514	10434
100318	515	10435
100319	516	10436
100320	-	10437
100321	518	10438
100322	519	10439
100323	520	10440
100324	521	10441
100325	522	10442
100326	523	10443
100327	524	10444
100328	525	10445
100329	526	10446
100330	527	10447
100331	528	10448
100332	529	10449
100333	530	10450
100334	-	10451
100335	-	10452
100336	-	10453
100337	531	10454
100338	532	10455
100339	533	10456
100340	534	10457
100341	535	10458
100342	536	10459
100343	537	10460
100344	538	10461
100345	539	10462
100346	540	10463
100347	541	10464
100348	542	10465
100349	543	10466
100350	544	10467
100351	545	10468
100352	546	10469
100353	547	10470
100354	548	10471
100355	549	10472
100356	550	10473
100357	551	10474
100358	552	10475
100359	553	10476
100360	554	10477
100361	555	10478
100362	556	10479
100363	557	10480
100364	558	10481
100365	559	10482
100366	560	10483
100367	561	10484
100368	562	10485
100369	563	10486
100370	564	10487
100371	565	10488
100372	-	10489
100373	-	10490
100374	-	10491
100375	-	10492
100376	-	10493
100377	566	10494
100378	567	10495
100379	568	10496
100380	569	10497
100381	570	10498
100382	571	10499
100383	572	10500
100384	573	10501
100385	574	10502
